1
101
2
102
702
3
103
4
104
5
105
6
106
7
107
8
108
9
109
10
110
11
111
12
112
13
113
14
114
15
115
16
116
716
17
117
18
118
19
119
21
121
22
122
23
93
123
193
24
84
88
124
188
25
125
725
26
126
27
127
28
128
29
129
30
130
31
131
32
132
33
133
34
134
35
135
36
136
37
137
38
85
138
185
39
91
139
191
40
140
41
141
42
142
43
143
44
144
45
145
46
146
47
147
48
148
49
149
50
90
150
190
750
790
51
151
52
152
252
53
153
54
154
754
55
155
56
156
57
157
58
158
59
81
159
60
160
61
161
761
62
162
63
163
763
64
164
65
165
66
96
196
67
167
68
168
69
169
70
170
71
171
72
172
73
173
74
174
774
75
80
180
76
176
77
97
99
177
197
199
777
797
799
977
277
299
78
98
178
198
79
179
80
180
81
181
82
182
782
83
183
84
184
85
185
86
186
87
187
89
189
92
192
792
94
194
95
195